version https://git-lfs.github.com/spec/v1
oid sha256:3c9ced8bd14fd59443e7a329ab5f375861bf96b9969defe4348379c2eefb39ba
size 2859016
